,Total,Price 1,Price 2,Price 3,Price 4
0,5,0,0,0,0
1,27,6,7,1,0
2,43,13,5,1,0
3,9,2,1,0,0
4,29,7,5,4,0
5,16,8,4,0,0
6,0,0,0,0,0
7,26,12,8,0,0
8,0,0,0,0,0
9,70,26,18,2,0
10,40,13,13,3,0
11,4,5,1,0,0
12,0,0,0,0,0
13,2,0,0,0,0
14,1,0,0,0,0
15,41,15,6,1,0
16,43,11,20,3,0
17,4,2,0,0,1
18,0,0,0,0,0
19,11,5,1,0,0
20,9,1,3,0,0
21,14,3,3,0,0
22,0,0,0,0,0
23,23,6,4,0,0
24,70,13,15,7,2
25,42,8,18,8,0
26,4,0,0,0,0
27,36,11,9,0,0
28,14,2,4,1,0
29,13,5,2,0,0
30,74,14,13,7,3
31,5,3,2,0,0
32,0,0,0,0,0
33,56,19,17,2,0
34,22,11,4,0,0
35,28,9,8,3,0
36,162,52,38,17,7
37,49,14,23,1,0
38,0,0,0,0,0
